0
0.94 0.94
0 0 0 1 0 1
0 0 0 1 0 1
6
0.94 0.94
0 1 0 0 0 0
0 0 0 0 1 0
12
0.94 0.94
0 0 1 0 0 1
0 0 1 0 0 1
18
0.95 0.95
1 0 0 0 0 1
1 0 0 0 0 1
24
0.95 0.95
0 0 0 0 1 1
0 0 0 0 1 1
30
0.95 0.95
0 1 1 1 1 0
0 1 1 1 1 1
36
0.95 0.95
0 1 1 1 1 0
0 1 1 1 0 0
42
0.95 0.95
0 1 0 0 1 0
1 1 0 0 1 0
48
0.95 0.95
1 1 0 0 0 1
1 1 0 0 0 1
54
0.95 0.95
0 0 0 0 0 1
0 0 0 0 0 1
60
0.95 0.95
1 1 1 0 1 0
0 1 1 0 1 0
66
0.95 0.95
0 1 1 0 1 1
0 1 1 0 1 1
72
0.95 0.95
1 0 1 0 0 0
1 0 1 0 0 0
78
0.95 0.95
0 0 1 0 1 0
0 0 1 0 1 0
84
0.95 0.95
0 0 0 0 1 1
0 0 0 0 1 0
90
0.95 0.95
1 0 1 0 1 1
1 0 0 0 1 1
96
0.95 0.95
0 0 1 1 0 1
0 0 1 1 0 1
102
0.95 0.95
0 0 0 0 0 0
0 0 0 0 0 0
108
0.95 0.95
0 0 1 0 0 1
0 0 0 0 0 1
114
0.95 0.95
1 0 0 0 0 1
1 0 0 0 0 1
120
0.94 0.94
0 1 0 0 0 0
0 1 0 0 0 0
126
0.94 0.94
1 1 0 1 1 1
1 1 0 1 1 1
132
0.94 0.94
1 0 0 1 0 0
1 0 0 1 1 0
138
0.94 0.94
0 1 1 1 0 0
0 1 1 1 0 0
144
0.94 0.94
0 1 0 1 1 0
1 1 0 1 1 1
150
0.94 0.94
0 0 1 0 0 1
0 0 1 0 0 1
156
0.93 0.93
1 0 0 0 1 0
1 0 0 0 1 1
162
0.91 0.91
0 1 0 1 0 0
0 1 1 1 0 1
168
0.91 0.91
0 1 0 0 0 0
0 1 1 0 0 1
174
0.91 0.91
0 0 0 0 0 0
0 0 0 0 0 1
180
0.91 0.91
1 0 0 1 1 1
1 0 0 1 1 1
186
0.91 0.91
0 1 0 0 1 0
0 1 0 0 1 1
192
0.91 0.91
1 0 0 0 0 1
1 0 0 0 0 1
198
0.91 0.91
0 1 0 0 1 0
0 1 0 0 0 0
204
0.91 0.91
1 1 1 0 0 1
1 1 1 0 0 1
210
0.91 0.91
1 0 1 0 1 1
1 0 1 0 1 1
216
0.92 0.92
0 0 0 1 0 1
0 0 1 1 0 1
222
0.94 0.94
1 0 0 1 1 0
1 0 0 1 1 0
228
0.94 0.94
1 0 1 0 1 0
1 0 1 0 1 0
234
0.94 0.94
0 1 0 0 0 1
0 1 0 0 0 1
240
0.93 0.93
0 1 1 1 1 0
0 1 1 1 0 0
246
0.93 0.93
0 0 0 1 0 0
0 1 1 1 0 1
252
0.93 0.93
1 1 0 0 0 0
1 1 0 0 0 0
258
0.92 0.92
0 0 0 0 0 1
0 0 0 0 0 1
264
0.91 0.91
1 0 0 0 0 1
1 0 0 0 0 1
270
0.91 0.91
0 1 0 0 0 0
1 1 0 1 0 0
276
0.91 0.91
0 0 0 0 0 0
0 0 1 1 0 1
282
0.91 0.91
1 0 0 0 0 0
1 0 0 0 0 0
288
0.91 0.91
0 0 1 1 1 0
0 0 1 0 1 0
294
0.91 0.91
0 0 1 0 1 0
0 0 0 0 0 0
300
0.94 0.94
0 0 0 0 1 1
0 0 0 0 1 1
306
0.94 0.94
0 0 1 0 1 1
0 0 1 0 1 0
312
0.94 0.94
0 1 0 0 0 0
0 1 0 1 0 1
318
0.95 0.95
0 0 1 1 0 1
1 0 1 1 0 1
324
0.95 0.95
0 0 0 1 0 0
0 0 0 1 1 0
330
0.95 0.95
1 1 1 1 0 0
1 1 1 1 0 0
336
0.94 0.94
0 0 1 0 1 1
0 0 1 0 1 0
342
0.91 0.91
0 0 0 0 0 0
0 1 1 0 0 0
348
0.91 0.91
0 0 0 0 1 0
0 0 0 0 1 0
354
0.91 0.91
1 1 1 1 0 0
1 1 0 1 0 0
360
0.91 0.91
0 0 0 0 0 1
0 0 0 0 0 1
366
0.91 0.91
0 0 1 0 1 0
0 0 1 0 1 0
372
0.91 0.91
1 0 0 1 0 0
1 0 0 1 0 0
378
0.91 0.91
0 0 1 1 0 1
0 0 1 1 0 1
384
0.91 0.91
1 1 0 0 1 1
0 1 0 0 1 1
390
0.91 0.91
0 0 1 0 0 0
0 0 1 0 0 0
396
0.92 0.92
0 0 1 1 0 1
0 0 1 1 0 1
402
0.93 0.93
1 0 0 1 1 1
1 0 0 1 1 1
408
0.93 0.93
0 1 1 1 1 0
0 0 1 1 1 0
414
0.93 0.93
1 0 1 0 0 0
1 0 1 0 0 0
420
0.91 0.91
1 1 1 0 0 1
1 1 0 0 0 0
426
0.91 0.91
1 1 1 0 0 1
1 1 0 0 0 1
432
0.91 0.91
1 1 1 0 1 1
1 1 1 1 1 1
438
0.91 0.91
0 0 0 1 0 0
1 0 0 1 0 0
444
0.91 0.91
0 1 1 1 1 0
0 1 1 1 1 1
450
0.91 0.91
1 1 1 1 1 0
1 1 1 1 1 0
456
0.91 0.91
1 0 0 1 0 1
1 1 0 0 0 1
462
0.91 0.91
1 0 0 0 1 0
1 0 0 0 0 0
468
0.91 0.91
0 1 0 1 1 1
0 1 0 1 1 1
474
0.91 0.91
1 1 0 0 0 1
1 1 0 1 0 0
480
0.9 0.9
1 0 0 0 0 1
1 0 1 0 0 1
486
0.9 0.9
0 1 1 0 1 0
0 1 1 0 1 0
492
0.9 0.9
0 0 0 1 0 1
0 0 0 0 0 0
498
0.91 0.91
1 1 1 1 0 0
1 1 1 1 0 0
504
0.91 0.91
1 1 0 0 0 1
1 1 0 0 0 1
510
0.91 0.91
0 1 0 1 0 0
0 1 0 1 0 0
516
0.92 0.92
0 1 1 0 0 1
0 1 1 0 0 1
522
0.94 0.94
0 0 0 0 1 1
0 0 0 0 1 1
528
0.94 0.94
1 1 1 1 1 1
1 1 1 1 1 1
534
0.94 0.94
0 0 0 1 0 0
0 0 0 1 0 0
540
0.94 0.94
0 0 1 1 0 1
0 0 1 1 0 1
546
0.94 0.94
1 0 1 0 1 0
1 0 1 0 1 1
552
0.94 0.94
0 1 1 1 1 1
0 1 1 1 1 0
558
0.93 0.93
0 0 1 0 1 0
0 0 1 0 1 0
564
0.92 0.92
0 1 0 0 0 0
0 1 0 0 0 0
570
0.92 0.92
0 0 1 1 0 0
0 0 1 1 0 0
576
0.92 0.92
1 1 0 1 0 0
1 1 0 1 0 0
582
0.92 0.92
0 0 1 0 1 0
0 0 1 0 1 0
588
0.92 0.92
1 0 0 1 0 0
1 0 0 1 0 0
594
0.92 0.92
1 1 0 1 1 0
1 1 0 1 0 0
600
0.94 0.94
1 1 1 0 0 1
1 1 0 0 0 1
606
0.94 0.94
1 1 0 0 0 0
1 1 0 1 0 0
612
0.94 0.94
0 1 1 0 0 1
0 1 1 0 0 1
618
0.94 0.94
0 0 1 1 0 1
1 0 1 1 0 1
624
0.94 0.94
0 0 0 1 0 0
0 0 0 1 0 0
630
0.94 0.94
0 0 0 0 0 1
1 0 0 0 0 1
636
0.94 0.94
1 1 1 1 1 0
1 1 1 1 1 1
642
0.94 0.94
1 1 1 0 0 1
1 1 1 0 0 1
648
0.94 0.94
1 0 0 1 0 1
1 0 0 1 0 0
654
0.94 0.94
0 0 1 1 0 0
0 0 1 1 0 0
660
0.92 0.92
1 1 1 0 1 1
1 1 1 0 1 1
666
0.92 0.92
0 0 0 0 0 1
0 0 0 0 0 1
672
0.92 0.92
1 1 0 1 1 0
1 1 0 1 1 0
678
0.92 0.92
1 1 0 1 1 1
1 1 0 1 1 1
684
0.92 0.92
0 0 0 0 1 0
0 0 0 1 1 0
690
0.92 0.92
0 1 1 0 0 1
0 1 1 0 0 1
696
0.92 0.92
1 0 0 0 0 0
1 0 0 0 0 0
702
0.92 0.92
0 1 0 1 1 1
0 1 0 1 1 1
708
0.92 0.92
1 1 1 1 1 1
1 1 1 1 1 1
714
0.92 0.92
1 1 1 0 0 0
0 1 1 0 0 0
720
0.94 0.94
0 1 1 0 0 0
0 1 1 0 0 0
726
0.94 0.94
0 0 0 0 1 0
0 0 0 0 1 0
732
0.94 0.94
1 0 1 0 1 1
1 0 1 0 1 1
738
0.93 0.93
1 1 0 1 0 0
1 0 0 1 0 0
744
0.92 0.92
0 0 1 0 0 0
0 0 1 0 0 0
750
0.92 0.92
1 0 1 1 0 0
1 0 1 1 0 0
756
0.92 0.92
1 0 1 0 1 1
1 0 1 0 1 1
762
0.91 0.91
0 0 0 1 1 1
0 0 0 1 1 1
768
0.91 0.91
1 1 0 0 0 0
1 1 0 0 0 0
774
0.91 0.91
0 0 1 0 0 0
0 0 1 0 0 0
780
0.93 0.93
0 0 0 1 1 1
0 0 0 0 1 0
786
0.93 0.93
0 0 0 1 1 0
0 0 0 1 1 0
792
0.93 0.93
1 0 1 0 1 0
0 0 1 0 1 0
798
0.93 0.93
0 1 0 1 0 1
0 1 0 1 0 1
804
0.93 0.93
1 1 0 1 1 0
1 1 0 1 1 0
810
0.93 0.93
0 1 1 0 1 1
0 0 1 0 1 1
816
0.92 0.92
0 1 0 1 1 0
0 1 0 1 1 0
822
0.91 0.91
0 1 1 1 1 1
0 1 1 1 1 1
828
0.91 0.91
1 1 0 1 0 0
1 1 0 1 0 0
834
0.91 0.91
1 0 0 0 1 1
1 0 0 1 1 1
840
0.91 0.91
1 0 1 0 1 0
1 0 1 0 0 0
846
0.91 0.91
0 0 0 1 1 0
0 0 0 1 1 0
852
0.91 0.91
1 1 0 1 0 1
1 1 0 1 0 1
858
0.92 0.92
0 0 1 0 1 0
1 0 1 0 1 0
864
0.93 0.93
0 1 1 1 0 0
0 1 1 1 0 0
870
0.93 0.93
1 1 0 0 0 0
1 1 0 0 0 0
876
0.93 0.93
0 0 1 1 0 1
0 0 1 1 0 1
882
0.93 0.93
0 1 0 1 1 1
0 1 0 1 1 1
888
0.93 0.93
1 0 0 0 0 1
1 0 0 0 0 0
894
0.93 0.93
1 0 1 0 1 0
0 0 0 0 1 0
900
0.91 0.91
0 0 1 1 1 1
0 0 1 1 1 1
906
0.91 0.91
1 0 1 0 0 0
1 0 1 0 0 0
912
0.91 0.91
1 0 1 0 0 0
1 0 1 0 1 0
918
0.91 0.91
0 1 0 0 0 1
0 0 0 0 0 1
924
0.91 0.91
1 0 1 1 0 0
1 0 1 1 0 1
930
0.91 0.91
1 1 1 0 1 0
1 1 1 0 1 0
936
0.91 0.91
1 0 1 1 1 0
1 0 1 1 1 0
942
0.91 0.91
1 1 1 1 1 1
1 1 1 1 1 1
948
0.91 0.91
1 0 1 0 0 0
0 0 1 0 0 0
954
0.91 0.91
0 0 1 0 1 0
0 0 1 0 1 0
960
0.91 0.91
1 0 0 0 0 1
1 0 0 0 0 0
966
0.91 0.91
0 1 0 0 0 0
0 1 0 0 0 0
972
0.91 0.91
0 1 1 0 0 0
0 1 1 0 0 0
978
0.91 0.91
1 0 0 0 0 0
1 0 0 0 0 1
984
0.91 0.91
1 0 0 0 1 0
1 0 0 1 1 0
990
0.91 0.91
1 0 1 0 0 1
1 0 0 0 0 1
996
0.91 0.91
0 0 0 1
0 1 0 1
